5
5 7
1 1
1 2
1 3
1 4
2 1
2 2
1 1
8 16
1 23528
1 29201
1 9026
1 29730
1 26230
1 16374
1 31012
1 7103
2 9026
1 27841
2 31012
2 27841
1 20628
1 23622
2 26230
1 29977
10 20
1 23891
1 26705
1 17609
1 18855
2 18855
1 25613
1 17121
1 17222
1 19430
1 24114
1 14237
2 26705
1 15873
2 19430
1 22228
2 24114
2 15873
1 6731
1 2746
2 2746
200 400
1 12915
1 29777
1 12218
1 5222
1 24348
1 23610
1 20374
1 29786
1 7367
1 30977
1 1365
1 25496
1 16525
1 11641
1 22345
1 4088
1 1047
1 1444
1 24215
1 28874
2 16525
1 2873
1 16310
1 845
1 31496
1 27176
1 29432
2 20374
2 29777
1 25867
1 23798
1 27451
1 28037
2 12218
1 14125
1 22893
1 29736
1 5573
1 18534
1 21478
2 23798
1 15067
1 27961
1 28966
1 27371
1 29556
1 28828
1 18605
1 4877
1 14130
1 13394
1 24422
1 4731
1 24429
1 10612
1 25652
1 27690
1 19377
1 6383
1 15468
1 11552
1 22078
1 15365
1 24664
1 11512
1 6280
2 30977
1 1974
1 7776
1 32694
1 30373
1 9787
1 28575
2 1047
1 28374
1 14344
1 31495
2 18605
1 15598
1 24123
1 1926
1 11326
1 11092
1 19299
1 6429
2 14125
1 6077
2 28374
1 4441
2 12915
1 15286
1 22276
1 8167
1 4857
2 15598
1 25185
1 769
1 5344
1 16062
1 6004
2 11512
1 9789
1 18566
1 19339
1 15273
1 20495
2 27690
1 109
1 31504
1 27650
1 31350
1 217
1 5048
2 31495
2 5048
1 19700
2 109
1 24465
1 6346
1 22248
1 27859
1 13974
1 4497
2 27859
1 32708
2 7776
1 22176
1 16799
1 16873
1 29458
1 2901
1 16621
1 23348
1 21929
1 27732
1 25634
1 14117
1 19427
1 22555
2 20495
2 15468
2 9787
1 10101
1 8391
2 27451
1 12719
1 22032
1 15460
1 11811
1 9221
1 31461
1 10554
1 16606
1 10358
1 4286
2 5344
2 28966
1 8224
1 3768
1 3668
1 31730
2 6004
1 20687
1 31843
1 8791
1 6707
1 20555
2 8167
1 17484
1 6364
1 11334
2 11641
1 13319
2 31461
2 27732
2 14117
2 1444
1 2714
1 5712
2 4088
1 12557
2 15460
1 19522
2 22893
1 4013
2 6364
2 29736
1 14797
1 28601
1 10499
1 19360
1 6323
1 847
1 9720
2 9789
1 525
2 525
1 16402
2 13319
2 10612
1 1366
1 27442
1 29464
1 30049
1 16746
1 6124
2 217
2 14344
2 22176
2 11552
1 4299
1 1483
1 26425
1 4828
1 23338
1 249
2 23338
2 25185
1 9211
1 15507
1 5205
2 16799
1 11173
1 28937
1 27212
1 813
2 10101
2 27371
1 25920
1 21399
1 20903
1 25581
2 19339
1 14138
1 17126
2 5573
2 29556
2 8224
1 31172
1 4866
2 15507
1 32275
1 11216
1 20556
2 24348
1 21961
1 13789
1 18161
1 26302
2 8791
2 19427
2 21399
2 28937
1 27840
2 28601
1 26512
1 805
1 21304
1 29941
2 11326
1 5519
2 22248
1 2964
1 3084
1 27716
1 12582
2 27212
1 25168
2 4877
2 17484
1 21288
1 2750
1 4988
2 24664
2 27840
1 27045
2 3084
1 28852
1 10904
2 1483
1 13174
2 13394
2 14138
2 5205
2 31350
1 24595
2 4866
2 30373
1 24601
1 14936
1 23660
1 17142
2 14797
2 16873
1 16040
2 26512
1 5784
1 19764
1 5707
1 8501
2 31496
1 11257
1 21315
2 15365
1 19800
2 19764
2 6280
1 27159
2 5222
1 4060
1 18330
2 21315
1 1020
1 26595
1 8962
2 20687
1 28579
2 18161
1 3275
2 25867
1 21363
2 11216
1 23563
2 813
2 19800
1 23133
1 6444
2 18566
2 17142
2 27176
2 25581
2 32275
1 5911
2 19700
1 30803
2 847
1 32431
1 20259
1 32342
1 10727
1 3498
1 8071
2 26425
2 4731
2 27961
1 23847
1 19791
1 3282
1 27155
1 22255
1 10167
2 21363
1 28520
2 6707
2 2964
1 10408
1 23773
2 11257
2 3275
2 25652
2 13974
2 4988
1 22649
2 32708
2 4828
1 20334
2 16310
1 2652
1 22988
1 8860
1 6624
1 16725
2 845
1 19442
2 19360
2 32431
1 31093
1 3896
1 23731
1 23410
1 9115
2 20334
2 25496
1 29880
2 2901
1 9428
1 31916
1 2301
2 23731
1 20038
2 249
2 31504
1 19516
2 29941
1 25281
2 25920
2 23773
1 25335
1 27252
2 28852
4000 4000
1 27349
1 13673
1 3152
1 7826
1 27304
1 5200
1 14755
1 19002
1 14377
1 23057
1 20132
1 30021
1 27821
1 20411
1 27108
1 10190
1 28191
1 3988
1 9416
1 23394
1 16256
1 22930
1 3080
1 14211
1 8546
1 14306
1 26675
1 7720
1 620
1 29540
1 22057
1 2107
1 16346
1 22573
1 12192
1 12826
1 13818
1 18948
1 17312
1 6166
1 8367
1 10469
1 24327
1 17143
1 19441
1 1410
1 9478
1 25717
1 5196
1 9660
1 14241
1 17344
1 14173
1 22830
1 12339
1 31226
1 29784
1 7587
1 26599
1 32440
1 31877
1 5019
1 4161
1 1157
1 13245
1 17098
1 7059
1 9567
1 16626
1 11929
1 30088
1 24375
1 28325
1 15011
1 2973
1 24693
1 23406
1 24377
1 9634
1 9330
1 31351
1 11743
1 3646
1 24572
1 25601
1 9676
1 2920
1 15830
1 30173
1 22637
1 9967
1 27445
1 17396
1 24035
1 18163
1 29764
1 22721
1 6529
1 5737
1 28833
1 17873
1 20047
1 15771
2 3646
1 1096
1 904
1 27300
1 5631
1 67
1 14624
1 10744
1 6146
1 21216
1 27704
1 3804
1 18515
1 8106
1 27561
1 11239
1 853
1 10288
1 31871
1 23432
1 19422
1 761
1 20090
1 22654
1 10167
1 289
1 16527
1 9825
1 19487
1 16086
1 30053
1 18968
1 6728
1 988
2 23432
1 21086
1 27606
1 29704
1 12152
1 12362
1 12135
1 4040
1 25866
1 24509
1 21768
1 1178
1 5895
1 24561
1 2746
1 19858
1 24090
1 31732
1 18675
1 9174
1 8611
1 25381
1 12062
1 16161
1 23606
1 4540
1 12314
1 26178
1 12316
1 2367
1 3767
1 20382
1 19408
1 22798
1 10812
1 20906
1 7811
1 30424
1 6883
1 25457
1 23704
1 26403
1 7771
1 27924
1 21545
1 13768
1 21573
1 26693
1 4480
1 15989
1 19128
1 20683
1 21407
1 17705
1 23229
1 25858
1 20665
1 24252
1 21716
1 13912
1 19126
1 10580
1 32109
1 2512
1 29619
1 21745
1 22895
1 2179
1 8831
1 31714
1 19125
1 16410
1 22303
1 19277
1 31884
1 29525
1 3915
1 31659
1 8246
1 14983
1 27376
1 6473
1 31082
1 29720
1 8364
1 7369
1 15058
1 1282
1 16980
1 185
1 12939
1 26964
1 20849
1 6292
1 18089
1 5298
1 9151
1 23623
1 16816
1 8915
1 6061
1 32167
1 28444
1 22530
1 6368
1 29306
1 2010
1 29085
1 29871
1 16345
1 28364
1 18073
1 32424
1 17073
1 15689
1 14332
1 1290
1 18499
1 8091
1 29025
1 5449
1 30373
1 384
1 31096
1 4238
1 1344
1 2729
1 4740
1 4148
1 17744
1 27454
1 27355
1 6732
1 31335
1 30808
1 7529
1 9753
1 746
1 6277
1 557
1 28821
1 20626
1 32840
1 20154
1 8426
1 12524
1 16022
1 1719
1 15610
2 9825
1 6488
1 15454
1 28117
1 3597
1 14832
1 8449
1 5194
1 23957
1 10669
1 25986
1 11600
1 9803
1 7767
1 27352
1 1690
1 12384
1 5799
1 17037
1 17162
1 25307
1 18124
1 32578
1 12089
1 15380
1 21734
1 21800
1 26099
1 6712
1 25998
1 2696
1 17592
1 21448
1 30796
1 14396
1 12349
1 8218
1 5151
1 23092
1 10473
1 20438
1 17401
1 12274
1 12120
1 21882
1 25408
1 27918
1 30939
1 7639
1 14926
1 14771
1 29686
1 14482
1 27377
1 800
1 7393
1 20644
1 11500
2 10744
1 8710
1 29912
1 23155
1 11696
1 22664
1 12371
1 19635
1 30519
1 32956
1 29448
1 2121
1 24395
1 23207
1 19010
1 14791
1 21519
1 2695
1 26907
1 563
1 31673
1 19788
1 33031
1 5000
1 13589
1 32025
1 27210
1 7474
1 26627
1 26056
1 7292
1 2198
1 9716
1 26979
1 30476
1 1415
1 6769
1 29868
1 22970
1 26322
1 19348
1 17302
1 3356
1 20147
1 10892
1 30153
1 31514
1 11101
1 29725
1 29473
1 14194
1 886
1 24862
1 8240
1 22580
1 4761
1 9978
1 25272
2 27355
1 13777
1 18477
1 30256
1 28128
1 10276
1 13520
1 4168
1 5906
1 3847
1 15111
1 21854
1 28219
1 22243
1 18317
1 7431
1 13457
1 24472
1 30258
1 1674
1 20636
1 30966
1 29273
1 23907
1 22201
1 12101
1 10104
1 19907
2 19277
1 26555
1 16793
1 26892
1 15043
1 19724
1 32223
1 31321
1 21264
1 3032
1 19195
1 10998
1 2859
1 24372
1 14772
1 30434
1 19479
1 27946
1 15718
1 29009
1 28585
1 29498
1 15487
2 20644
1 30983
1 17106
1 28929
1 32140
1 363
1 3550
1 6407
1 29253
1 7035
1 821
1 30521
1 5211
1 26117
1 15141
1 9048
1 24196
1 6730
1 29681
1 10933
1 3502
1 18840
1 7758
1 32953
2 3847
1 4493
1 14821
2 32140
1 25777
1 1184
1 469
1 14256
1 31211
1 25245
2 21745
1 21079
1 18396
1 8476
1 26499
1 16395
1 27127
1 17428
1 5440
1 31253
1 10463
1 1606
1 6231
1 4820
1 20204
1 20940
1 24747
1 22075
1 19626
1 2196
1 408
1 14929
1 11609
1 7389
1 3412
1 8114
1 76
1 31166
2 27304
1 25098
2 29720
1 15260
1 3161
1 14495
1 28823
1 14524
1 17527
1 26313
1 20764
2 7474
1 3616
1 15472
1 10973
1 16842
1 15590
1 26264
1 14293
1 18393
1 4682
1 4048
1 15408
1 15971
1 350
1 20673
1 31437
1 3143
1 30647
1 28837
1 31168
1 5436
1 12552
2 5906
1 5840
1 29257
1 3205
1 1557
1 27644
1 31310
1 27896
1 6014
1 1010
2 10104
1 7703
1 28813
2 23092
1 32465
2 29619
1 30944
2 31335
1 2733
1 2315
1 22960
1 28795
1 8513
1 18332
1 28227
1 31246
1 15880
1 18763
1 1138
2 8513
2 21086
1 33299
1 27945
1 27501
1 13529
1 2542
2 15111
1 28223
2 12152
2 14771
1 7260
1 7852
1 1210
1 13656
1 2204
1 18492
1 25492
1 32021
1 25580
1 25636
1 26765
1 1329
1 30239
1 15824
1 10098
1 21731
1 32029
1 26464
1 20581
1 4692
1 28000
1 32296
1 6234
1 12067
1 631
1 16177
1 29082
1 25827
1 8070
1 27574
1 5187
1 33176
1 32708
1 32168
1 22214
1 1086
1 14075
1 11307
1 22120
1 2370
1 33291
1 16407
1 28610
1 1798
1 26472
1 14455
1 1857
1 23137
1 10136
1 16141
1 8614
1 8989
1 32182
1 27852
1 19591
1 28791
1 322
2 2512
1 22218
1 15777
1 28684
1 6297
1 22833
1 15939
1 3040
1 15636
1 3787
1 31479
1 28119
1 3730
1 32125
1 15818
1 28016
2 14211
1 28286
1 20156
1 28604
1 13476
1 14047
1 32841
1 22502
1 15688
1 20479
1 3030
1 18344
1 5125
2 21573
1 15938
1 12238
2 1210
1 21154
1 29792
2 16407
1 26910
1 8461
1 26485
1 19182
1 14635
1 27398
1 18879
1 24428
1 13227
1 16143
1 13033
2 12101
1 8372
1 29441
1 23700
1 4443
1 18070
1 27788
1 11993
1 14408
1 24143
1 14767
1 7361
1 7541
1 22548
1 31040
1 20682
1 31825
1 28620
1 4967
1 10598
1 992
1 4499
1 16930
1 1403
1 1849
1 3642
1 27073
1 24803
1 32263
1 8132
1 16747
1 16620
1 21769
1 15851
1 19352
1 28889
1 3729
1 17050
1 7828
1 3679
1 13065
1 24176
1 32003
1 26154
1 4457
1 23875
1 15959
1 8278
1 20418
1 15003
1 1883
1 15605
1 19382
1 1587
1 21164
1 24719
1 19198
1 6267
1 18746
1 28830
1 31715
1 5913
1 27340
1 32782
1 17861
1 18787
1 1657
1 3011
1 27031
1 505
2 27704
1 1809
2 29273
1 14815
1 30765
1 14403
1 30136
1 1992
1 5518
1 25882
1 9302
1 33223
1 23735
2 14926
1 10870
1 31542
2 8476
1 33001
1 24689
1 29734
1 1959
1 26918
1 19254
1 7646
1 24936
2 27945
1 27838
1 12114
1 29149
2 631
1 25760
1 2480
1 4243
1 16679
1 24708
1 11482
1 18799
1 9038
1 23715
1 694
1 17699
1 5976
1 13389
1 20881
1 33209
1 16536
1 33380
1 569
1 23310
2 18968
1 20958
1 32132
1 25424
1 31429
1 7754
2 9753
1 2951
1 12954
2 13529
1 7173
1 7181
2 31168
1 33276
1 15687
1 32013
1 9453
1 10178
1 13223
1 20236
1 30606
1 6253
1 7638
1 21340
1 28499
1 467
1 30268
1 9383
1 12592
1 30144
1 30582
1 16234
1 29321
1 27010
1 20692
1 23157
1 5562
2 6488
1 10967
1 3948
2 19348
2 29704
1 31672
1 21320
1 18119
1 1001
1 11242
1 16093
1 23202
1 12890
1 353
2 19254
1 17731
1 15190
1 4579
1 700
1 25932
1 12145
1 31753
2 14815
1 33098
1 500
1 10033
1 27703
1 5193
1 12698
1 19025
1 11089
2 21734
1 22699
1 31111
1 21328
1 3227
1 28126
2 32953
1 9679
1 32446
1 27812
1 27091
1 3134
1 19075
2 2196
1 11700
2 26322
1 23724
1 6045
1 15431
1 25782
2 26910
2 22895
1 12080
1 23871
1 20776
1 30655
1 10324
2 32029
1 7250
1 29796
1 1594
1 21540
1 26775
1 25719
1 26797
1 32117
1 27907
1 29811
1 1314
1 25055
1 32409
1 32364
1 19268
1 23407
2 7250
1 31367
1 22899
1 2181
1 19979
1 16260
1 16710
1 13401
1 19506
1 4912
1 7171
1 3954
1 33043
1 2797
2 23310
1 14381
1 21234
2 30256
2 27788
1 4921
2 22899
1 15620
1 15503
1 29728
1 20491
1 29840
1 18263
1 5563
1 244
2 8106
1 25724
1 25267
1 14789
2 18499
1 2561
1 3595
1 27036
1 1351
1 1306
1 31643
2 21216
2 8070
1 3755
1 30853
1 12599
1 17021
2 32025
2 28128
1 16465
1 21285
1 30312
1 26306
1 25547
1 21646
1 31080
1 23947
1 3565
1 2163
1 11660
2 29149
1 5882
1 26149
2 23202
1 6215
2 1314
2 5449
1 31644
1 24360
1 16287
1 31525
2 2973
2 28821
1 3584
2 14635
1 4979
1 1730
1 16863
2 25245
1 24238
1 28896
1 11456
1 17300
1 8996
1 3333
1 33056
1 23892
1 25462
1 8182
1 16105
1 2650
1 25598
1 24011
1 28672
1 32919
1 20294
1 12913
1 13497
1 24596
1 10896
1 23081
1 8286
1 29547
1 6735
1 18953
1 26030
1 16459
1 30379
1 26745
1 756
1 26617
1 12289
1 5559
1 8332
1 22474
1 33633
1 1108
1 2394
1 18857
1 32526
2 1403
1 15185
2 467
1 22269
1 20110
1 4597
1 19746
2 16141
1 10100
1 9021
1 13815
1 21272
1 7495
1 7189
1 32850
1 29749
1 7611
1 27864
1 23679
1 17537
2 28117
1 17880
1 23135
1 6134
1 18553
1 25565
1 6638
1 29511
2 14755
1 11423
1 19380
1 4181
1 2284
1 6991
1 33106
1 12988
1 28698
1 32014
1 19962
1 19525
1 857
1 32113
1 14068
1 29042
1 2973
1 33539
1 29722
1 7671
2 10276
2 30021
1 32855
2 18857
1 7966
1 14745
1 31285
1 19155
1 24431
1 32508
2 25719
2 29764
1 7886
2 12114
1 21947
2 29681
2 4238
1 14115
1 27342
1 172
2 408
2 29321
1 17747
1 27684
1 15079
1 27522
1 19767
2 33276
1 13510
1 25940
1 24815
2 31643
1 15672
1 10900
1 26122
1 4353
1 4231
1 3798
1 10672
1 15568
2 32465
1 14876
1 4370
1 13083
1 32382
1 17764
1 6656
2 20294
1 24796
1 10008
1 11093
1 5484
1 16005
2 23137
1 13702
1 32085
1 1504
1 21962
1 8988
1 16518
1 1460
1 4969
1 6449
1 12783
1 21907
1 4534
1 2035
1 26682
1 3687
1 26083
1 2854
1 8771
1 21229
1 7576
2 7611
1 31639
2 30521
1 23403
1 2762
2 5000
1 7711
1 17262
1 23847
2 1959
1 18415
1 14243
1 24778
1 21522
1 1198
1 25730
1 8923
1 10704
2 3804
1 7536
1 12049
1 9398
1 4430
2 8240
1 8253
1 23311
1 1773
1 7921
1 32966
1 28504
1 7160
1 29083
1 31519
1 17600
1 23072
1 19847
1 23123
1 33707
1 23016
1 9316
2 13815
2 7495
1 15142
1 18895
1 18781
1 1176
2 19352
1 32741
2 4534
1 31208
1 18717
1 21421
1 29904
2 12384
1 30378
1 18855
1 10545
1 13767
2 27606
1 23107
1 11476
2 9174
1 8757
1 15976
2 6277
1 10964
1 4737
1 3057
2 2480
1 8520
1 14951
1 8747
1 15770
1 11625
1 26210
2 31253
1 12663
1 25376
1 14012
1 20529
1 2261
1 27921
2 6134
1 18012
2 12289
2 2920
2 21646
1 19188
1 23811
1 1177
1 24822
1 30742
1 29070
1 20859
1 31717
1 19523
2 2121
1 2588
1 4000
1 18162
1 7830
1 3620
2 12349
1 21779
1 24764
1 7911
1 22506
2 21882
1 7011
1 33778
1 5757
2 14241
1 33681
1 32647
1 17131
2 31717
1 6369
1 4890
1 5960
2 26122
1 13827
2 1730
1 24315
1 6321
1 28986
1 3850
1 32585
1 9067
2 13227
2 15185
1 20408
1 28358
2 15880
1 20083
1 17078
1 5462
1 24100
2 14482
1 24057
1 32668
1 18780
1 15180
1 33552
1 28815
1 20774
1 28049
1 2011
1 25112
1 23484
1 25284
2 3550
1 12691
2 13777
2 33380
1 4268
1 7249
1 3604
1 1347
1 17055
1 3104
1 28599
1 25921
1 956
1 13237
1 30937
1 9862
1 30474
1 31550
1 4123
1 2474
1 1760
1 15582
1 15790
1 7545
1 12993
1 20779
1 7131
2 31226
1 25900
1 27564
1 6010
1 9291
1 27003
2 3057
1 32893
1 25706
1 9298
2 8915
1 27238
1 26732
1 7217
1 8070
1 23759
2 16459
1 20969
2 19195
2 2733
2 21716
1 26906
1 24318
1 4307
1 7020
1 8393
1 1406
1 212
1 245
2 5211
1 1962
1 19933
1 3422
1 30994
1 29359
1 24145
1 31718
2 17055
1 32552
1 9840
1 32324
1 2073
2 2746
2 6369
1 11445
1 8748
2 15141
1 7762
1 23310
1 20595
1 5584
1 31516
1 28368
1 32562
1 22751
1 14998
1 4211
1 14850
1 22983
2 7720
1 385
2 363
1 31834
1 4474
2 28223
1 8660
1 18279
1 33416
1 19930
1 7986
1 4398
1 23181
1 2434
1 27214
1 31709
1 10827
1 1648
1 10978
1 16923
1 817
2 14047
1 2816
1 21377
1 24800
1 10126
1 24463
1 16672
1 10146
1 21757
1 8392
2 24561
1 5872
1 20264
1 12981
2 7389
1 20722
1 11890
1 32185
1 31261
1 5733
2 14115
1 22281
1 30133
2 25986
2 9634
1 14637
1 19988
1 4709
1 27087
2 19188
1 17285
1 1999
2 17537
2 11743
1 28479
2 14789
1 2300
2 32113
1 12273
1 12842
1 5437
1 25421
1 26177
1 15091
1 9966
2 1177
1 33088
1 13944
1 11789
2 18393
1 23290
1 27668
1 12751
2 29448
2 10288
1 5687
2 20382
1 8944
2 8944
1 17123
2 3412
1 23893
1 32693
1 33844
1 11131
1 27898
1 22865
1 28883
2 18515
1 22527
1 32164
1 29821
1 15746
2 19724
1 24306
1 28805
1 20158
1 31210
2 31321
1 11348
1 12986
1 1980
1 31312
2 25462
1 19531
1 8141
1 22310
1 21063
1 3578
2 31080
1 24456
1 7707
2 1674
1 29601
1 16124
1 32282
1 19790
1 20725
1 16894
1 16273
1 5899
1 31908
2 2729
1 18651
2 988
1 29892
1 25679
1 14829
1 23261
1 12104
1 8666
1 23760
1 14529
1 12911
1 10338
1 26142
1 29226
1 32077
1 33957
1 1413
2 32324
1 16458
1 8019
1 17991
1 6239
1 26022
1 2454
1 16318
1 26265
1 27121
1 6534
1 5588
1 3121
1 33936
2 13768
1 18823
1 14109
2 9316
1 13974
1 22890
1 8074
1 9087
1 10546
1 12840
1 31836
1 2369
1 30061
1 28409
2 25921
1 18737
1 26017
1 27178
1 21289
1 4188
1 17445
1 57
2 12751
1 18845
1 10171
1 21335
1 21395
2 28585
2 21854
1 9681
1 15114
2 8332
1 21118
1 20659
1 8425
1 75
1 22015
1 20786
2 24375
2 16093
1 389
2 32741
1 31167
1 27236
2 22530
1 33447
1 278
1 723
1 12882
1 31342
2 15114
1 13390
1 28208
1 18019
1 20562
1 30143
1 8613
1 33567
1 12407
1 29648
2 15636
1 25034
1 10202
1 5925
1 3625
2 22218
1 9141
1 33721
1 33481
1 25477
1 869
1 24923
1 12063
1 13392
1 27963
1 29738
1 27990
1 13184
2 33223
1 845
1 25352
1 28834
1 17364
1 6776
1 32205
1 8926
1 30447
1 32862
1 16295
1 22889
1 22934
1 8510
1 23442
1 31757
1 5869
1 11868
1 8698
1 7083
1 27598
1 6227
1 15684
2 9021
1 19266
1 22413
1 21573
1 30127
1 21260
1 34000
1 30914
1 21434
1 4128
1 16814
1 12290
1 18179
2 18415
2 5882
1 4910
2 21962
2 1108
1 16300
1 2546
1 8293
1 27425
1 31907
1 20715
2 11476
2 27574
1 16846
1 26143
2 30239
1 25946
1 27755
1 17814
2 26464
1 15498
1 25991
1 30149
1 34009
1 26467
2 31310
1 25622
1 30086
1 3700
1 1428
1 678
2 1760
2 27238
1 9792
2 678
2 18492
1 24212
1 18918
1 18626
1 25169
2 16814
1 17465
1 9807
1 21562
1 485
2 4890
2 22664
1 31661
1 15526
1 3661
1 7180
1 4193
1 19357
1 16789
1 15862
1 3099
1 9867
1 29589
1 32675
2 30655
1 12706
1 22304
2 20626
1 15642
1 7373
2 24327
2 4040
1 34002
1 18469
1 30038
1 33892
1 27000
2 6529
1 30289
1 19471
1 14001
1 23519
2 7852
1 8315
1 11582
1 24056
1 19519
2 1001
1 9073
2 25724
2 6638
1 16146
1 30130
1 19650
1 20030
1 23457
1 18175
1 7658
1 31888
2 29840
1 4451
1 12212
1 9647
1 30805
1 1668
1 1505
1 22588
1 34068
2 10967
2 23157
1 20772
1 29283
1 16487
1 32333
1 9266
2 11609
1 17108
1 30090
1 13435
1 29809
1 23635
2 27564
1 31981
1 24932
1 27624
1 22098
1 10443
1 18525
2 15830
1 14223
1 31782
1 8983
2 23811
1 18177
1 3178
2 24862
1 26404
1 19460
1 18644
1 426
1 12398
1 15020
1 21238
1 2450
1 25504
1 14393
1 10037
1 32598
1 22199
1 28580
1 5448
1 14048
1 32072
1 13848
1 2238
1 19750
1 22777
1 32632
1 8567
1 22034
2 7576
1 232
1 7206
2 21272
1 15185
1 28405
1 2775
2 14396
1 2298
1 3801
1 23910
1 13985
1 17603
1 15922
1 14856
1 16857
1 21148
1 19937
2 8074
1 8467
2 30796
2 14001
1 31964
2 16022
2 17731
1 1744
1 15256
1 27276
1 26391
2 15938
2 19422
1 21742
1 13739
1 17380
2 11582
1 7318
1 28212
1 29630
1 20259
1 6775
1 3638
1 33421
2 6215
1 14324
2 28834
1 61
1 33926
1 86
1 32650
1 17270
2 32855
1 17569
1 8776
2 15939
1 14710
2 10190
1 16463
1 6800
1 3013
2 33633
1 32907
1 24928
2 10338
1 21827
1 24692
1 16145
1 5689
1 22064
1 17564
1 25004
1 18334
1 24374
1 22819
1 1103
2 12192
1 8024
1 16959
2 8364
1 28870
2 19441
1 7355
1 23879
2 2854
1 33360
1 20089
1 10083
2 21148
1 6648
1 9964
1 34204
2 8132
1 7007
1 20378
1 21170
1 11904
1 10065
1 3233
1 30875
1 15581
1 28170
2 32382
1 34044
1 8836
1 11194
2 26403
1 3506
1 4406
2 23879
1 32751
1 25934
2 20047
2 8393
2 1103
1 8079
2 6061
2 25622
1 25070
1 26101
1 10957
2 21907
1 32402
1 7210
2 15568
1 16201
2 17143
1 21644
1 19977
1 23371
1 19554
1 5300
1 7385
1 23639
2 14109
1 27109
2 6321
2 1668
2 21285
1 19863
1 5121
1 33083
1 2703
1 23047
1 26478
1 29339
1 12502
1 20113
1 12244
1 813
1 14063
1 25678
1 15372
1 27414
2 26022
1 765
1 2753
1 13800
2 22310
1 25410
1 25335
1 16772
2 12840
1 30639
1 15490
1 220
2 6368
1 712
2 25504
2 17098
1 29305
1 3956
2 32841
1 19526
1 11377
1 4539
1 11872
1 25605
2 17592
1 28302
2 30061
2 27121
1 26546
1 3747
1 23377
1 19481
1 18964
1 23788
2 23229
1 10092
1 25801
1 15107
1 2938
2 821
1 4047
1 17854
1 25097
1 23925
2 9383
1 27046
1 4143
1 16985
1 10915
1 18296
2 7217
1 7775
2 7529
1 26783
1 4107
2 6728
1 8434
2 6991
1 7285
1 9004
1 20099
1 4415
1 5862
1 15815
1 33389
1 28573
1 1056
1 31781
1 12471
2 23057
1 9693
1 9614
1 30713
1 25389
1 5049
1 8387
1 12774
1 23807
1 17223
1 28790
1 21441
2 4474
1 10431
1 32713
1 7901
1 31484
1 2745
1 16092
1 8489
1 8332
1 10903
2 23947
1 34210
1 22628
1 15631
1 32867
1 13534
2 8748
1 12978
2 21340
1 17790
2 8024
1 20574
2 7369
2 8467
2 26775
2 27349
1 7049
2 3620
1 17134
1 32767
2 30258
1 20481
2 29912
1 32220
1 14516
2 3787
1 9466
2 5563
2 11696
1 32522
1 24283
2 2010
1 26314
1 26419
1 4149
2 24143
1 5132
1 25478
1 7890
1 16155
1 12308
1 19789
1 4916
1 26926
1 21867
1 296
1 23821
1 29818
1 1550
1 23470
1 26566
1 29865
1 10225
1 16827
1 32506
2 21768
1 20855
1 10524
1 33528
1 33781
2 32333
1 11517
1 27973
2 32003
1 33358
1 3487
1 9499
1 16875
2 20418
2 27501
2 11904
1 6886
1 8149
1 12928
1 27072
2 4149
1 10860
2 24057
2 19750
1 28686
1 22671
1 8780
1 22458
1 3962
2 8218
2 8698
2 31542
2 28325
1 4666
1 22727
2 23311
2 32125
1 18115
1 23838
1 16854
2 26143
1 31197
1 21248
1 17200
2 27864
1 28647
1 32478
1 8750
1 31803
1 1506
1 8001
1 30355
1 7916
1 21276
1 11587
2 6712
1 4294
1 19276
2 21260
1 24333
2 7762
1 17787
1 20076
1 12457
1 8053
1 33621
1 7476
1 2996
1 1328
2 32072
2 31082
1 24813
1 26756
2 14332
1 20917
1 22226
1 23536
2 14745
1 12292
1 28173
2 13401
2 18799
1 32222
2 12524
1 14416
1 24514
1 6913
2 10669
2 9792
2 22721
2 563
1 2558
1 12438
1 17190
1 28138
1 14044
1 10975
1 27893
1 32912
1 12025
1 10595
1 21543
2 20236
2 28684
1 22692
2 32402
2 27454
1 3115
1 27775
1 21333
1 26225
1 7085
1 26790
2 25389
2 12292
2 23957
1 14607
1 8347
1 32924
1 33779
2 10933
1 12921
1 14346
2 25097
1 21353
1 19227
1 3034
1 24829
2 4597
1 22373
2 14767
1 30512
1 5415
2 28795
1 12690
1 20344
2 3798
1 15311
1 9189
1 20364
1 32032
2 13656
2 7771
2 32782
1 8242
1 23292
2 12080
1 32120
1 764
2 22654
1 28758
2 22199
1 20534
1 22379
2 3679
2 14068
1 21857
2 5448
1 2674
2 20859
1 26506
1 2780
1 3371
2 7260
1 3490
1 29391
1 24882
1 26480
2 800
1 5717
1 27621
2 31437
2 30582
1 16462
1 11319
1 11591
1 13908
2 2775
2 33360
2 29339
1 10650
1 16363
1 15469
2 485
1 92
1 32151
1 3740
1 6946
1 1482
1 15051
1 3074
1 12787
1 34131
1 4010
1 2803
1 16141
1 4388
1 14669
2 14408
2 8372
1 3741
1 34369
1 22069
1 29005
1 6015
1 4877
1 32796
1 31181
1 8531
2 20408
2 28212
1 25154
1 5622
1 32496
1 30514
1 15306
1 15398
2 24778
1 22509
2 33001
1 28644
1 8981
1 29382
1 33109
1 11028
1 11785
2 27109
2 16793
2 1980
1 9437
2 8926
1 28187
1 5968
1 9161
1 15628
1 26676
1 32195
1 14574
1 25164
2 15815
2 2011
1 28891
2 694
2 4877
1 25251
2 28644
1 29386
1 31851
1 16109
1 28346
1 17116
1 9217
1 9443
1 5790
2 12314
2 1328
1 12029
1 28203
1 10406
1 32388
1 29204
2 17790
1 27171
1 9543
1 9671
1 18223
1 15018
1 1188
1 7443
1 29236
1 5388
1 32620
1 3779
1 26887
1 18992
1 34393
1 11768
1 27857
1 16785
2 9567
1 4773
1 27183
1 2493
1 9738
1 29209
1 30135
2 16458
1 29458
1 10091
1 6251
1 7453
1 26432
2 86
1 27719
2 20682
1 17588
2 28138
1 2232
1 10581
1 16202
1 33715
1 16165
1 6816
1 8464
1 15805
1 10081
1 25783
1 16066
2 17705
1 31795
2 6913
1 15442
1 15741
1 465
1 9922
1 8559
2 11789
1 689
1 7339
1 15856
2 4740
1 13552
1 30788
1 24166
1 10751
1 26780
2 23407
1 20631
1 11530
2 8293
1 9029
1 14329
1 32734
1 24570
1 13634
1 12859
1 6793
2 11890
1 17169
2 5913
1 117
1 29065
1 24943
1 17417
1 34232
1 32775
1 21550
1 8822
2 14829
2 32021
1 28331
1 6774
1 3728
1 3076
1 17508
1 16448
2 18012
1 19205
1 10591
1 3378
1 12878
2 24815
1 33469
1 13416
1 8147
1 21747
1 7369
1 1649
1 23400
2 24377
2 28227
1 10625
1 30218
1 7446
1 5902
2 16092
1 29076
1 628
1 3136
1 30044
1 31022
1 6802
1 20765
1 15592
1 797
2 17078
1 19387
2 30053
2 8989
2 23135
2 1809
1 32449
1 22096
1 13433
1 25080
2 4143
2 4967
2 7339
1 29354
1 13346
1 30353
1 23023
1 13383
1 5206
1 27202
1 3858
2 26797
2 29083
1 18253
1 8395
2 15688
2 32185
1 30080
1 27184
1 9777
2 34009
1 4729
1 19144
2 10860
2 7035
1 18983
1 17163
1 33117
2 24796
2 20030
2 28837
1 6960
2 19907
2 22281
2 20156
2 15472
1 3417
1 8775
1 17261
1 23449
1 2162
1 13386
1 6074
1 10452
1 27952
1 3366
1 14818
2 7049
2 16086
1 28989
1 18066
2 16747
1 25708
1 24277
2 32767
1 29941
1 16473
1 26235
2 1505
1 27510
1 20931
1 21397
1 25786
1 18616
2 10964
1 9436
2 18396
2 9738
2 23442
1 21722
2 18964
1 28619
1 16935
1 29302
1 18270
2 27010
2 7007
1 2401
2 31714
1 31427
1 5050
1 23208
2 16005
1 29031
1 4622
1 25893
1 5816
1 27498
1 26479
2 9330
1 22113
1 22355
2 9660
1 14684
1 22566
1 17602
1 1580
2 11660
2 22355
1 34026
1 5558
2 24570
1 11521
2 7443
1 1088
1 33533
1 28216
1 558
1 8754
1 16968
2 7830
1 9199
1 10403
2 32195
1 26288
1 27665
1 22176
1 31663
2 31871
1 17944
1 34424
2 700
1 19183
1 14128
1 27568
1 22253
1 4982
1 29339
1 26498
1 19232
2 628
1 1740
1 11606
1 26493
1 15766
2 6234
1 14158
2 29722
1 7310
2 689
1 2749
1 32275
1 2853
1 31493
1 19632
1 28557
1 10990
1 25198
1 9823
1 14512
2 1344
1 3908
2 15687
1 22505
1 1817
1 15699
2 33707
1 4739
1 12005
2 16672
1 7093
2 24764
1 1968
2 27907
1 33340
1 29706
2 33291
1 8180
1 11066
2 27108
2 10081
1 9704
1 6047
1 17150
2 12599
1 31292
2 16155
1 14201
2 12502
1 30382
2 4211
1 29271
1 2513
2 10033
2 12067
1 22182
1 31498
1 23527
1 28290
1 4690
1 22530
1 22170
1 2403
1 5775
1 20646
1 3650
1 26795
1 24682
1 8060
1 3590
2 28444
1 4418
1 4242
2 3565
1 27932
2 27398
1 22726
1 23518
2 6802
2 1657
2 32562
1 2852
1 30791
1 16122
1 24139
2 384
1 3516
2 32263
1 22299
2 16145
2 20776
1 15528
2 23536
1 4930
1 23763
2 18089
1 28606
1 19361
2 23016
2 27510
1 33097
1 15396
1 13052
2 4398
2 18626
1 13607
1 28518
1 16695
1 8842
1 6685
2 26795
1 27030
1 2861
1 16900
1 8951
1 29899
1 14220
1 10231
1 9992
1 28453
1 2942
2 26178
1 1558
1 14278
1 29776
2 31661
2 31211
1 31017
1 9539
1 29848
1 31520
1 29088
1 9235
1 5289
1 32609
1 3016
1 9575
2 7476
1 1640
1 18196
1 14683
1 28500
1 10525
1 28754
2 26675
1 32160
1 10717
1 10779
2 26479
1 181
2 21421
2 12986
1 918
1 6321
1 18897
1 27113
1 33460
2 5121
1 9732
1 3791
1 29041
1 2913
1 4017
2 26313
2 15079
1 16833
2 31261
1 17844
1 11459
1 15604
1 19365
1 28431
2 26546
1 21930
1 4236
1 26736
1 5016
1 24614
1 725
1 13592
1 22921
1 23741
1 17795
1 2712
1 32335
1 30812
2 22727
1 31057
1 10871
1 23806
2 25998
1 25856
1 5252
1 21050
1 34507
2 32668
1 3437
1 11702
1 5725
1 26054
2 13435
1 5037
1 1167
1 32626
1 28400
2 620
1 4260
1 1709
1 20024
1 19424
2 7083
2 14377
1 29370
1 5106
1 17193
1 32009
1 23863
2 2780
2 15771
2 10870
1 33746
1 32327
2 746
1 2550
2 31166
2 9266
1 29860
1 18030
2 869
1 33462
1 6508
1 18981
1 34463
1 20283
2 21063
1 32365
2 31888
1 32463
1 30097
1 9712
1 6161
2 27091
1 1611
1 25899
2 2238
1 33110
1 6840
1 6894
2 28815
1 5130
1 16486
2 3356
2 33340
1 1008
1 33073
1 19445
2 27340
1 14602
1 11658
1 9474
2 15604
1 11026
2 12457
1 4386
2 19481
1 33254
1 20627
2 31781
1 15207
2 9704
1 19359
1 1995
1 20848
1 1896
1 13300
2 20848
1 24246
1 12084
1 10363
1 8848
2 8079
1 23839
2 25717
1 5511
1 27738
1 19306
2 25783
1 14656
2 15805
1 7560
2 27031
1 7973
1 8338
1 20739
2 67
1 6393
2 19506
1 32243
1 6461
1 8529
1 7907
1 26508
1 24341
1 5144
1 6810
1 23693
2 29085
1 14086
1 33293
1 26572
1 2227
1 4657
2 21522
1 20663
1 15054
1 6266
2 21320
1 27595
1 19242
2 2315
1 19116
2 8464
1 4467
1 11043
2 9539
1 24272
2 8510
1 32752
1 15599
1 21924
1 19590
1 4542
2 16165
1 3432
1 15404
1 14608
1 21449
1 17279
1 20602
2 8338
1 25586
1 13660
2 18073
1 10252
2 1167
1 8460
1 17656
2 10751
1 32350
1 5552
1 34216
1 3776
2 23047
2 20659
2 29076
2 4010
1 26215
2 14346
1 32991
1 9278
2 31208
1 23341
2 15190
1 2500
1 14736
2 29848
1 12060
1 9450
1 7477
1 24279
1 4978
1 23727
1 3229
1 25118
1 1847
2 26736
1 14494
1 16479
2 4353
1 23070
1 31625
2 34068
1 29730
1 21354
2 17116
2 4978
1 21628
1 4492
1 14741
2 21779
2 3161
2 30639
1 26900
1 8408
1 17367
1 20403
1 8515
1 8014
1 17461
1 17913
1 22319
2 1010
2 11194
1 11919
2 5725
1 30806
1 18396
1 1655
2 20764
1 24814
1 2161
1 9557
2 29725
1 12044
2 813
2 23519
1 8171
2 5559
1 734
1 6268
2 17163
2 350
2 23457
2 19746
1 32532
1 30941
1 4194
2 28203
1 20524
1 16342
1 18342
1 19048
1 8675
1 1137
1 18470
1 2080
1 4958
1 1764
2 26099
2 18746
1 18609
1 29949
1 2626
1 32717
2 10178
2 20534
2 15408
1 22495
1 1256
1 22760
1 6313
1 2625
2 10126
2 2181
1 24262
1 28618
1 16400
1 1359
1 22670
1 7736
2 32424
1 32207
1 17858
2 15718
1 23973
1 33289
1 25184
1 32681
1 16885
1 18995
1 6939
1 6846
2 31111
1 11986
1 4563
1 20431
2 20431
1 27016
2 33083
1 29747
1 16255
1 13704
2 34369
1 1670
2 1137
1 16408
1 31079
1 14347
1 31812
1 26904
2 25900
1 29523
1 9419
1 21361
1 1468
1 30367
2 32085
2 1995
1 22406
1 27494
1 22619
2 20725
1 15161
2 20403
2 27498
1 32929
1 9049
2 11868
2 22034
1 19662
1 27426
2 17873
2 19977
2 21562
1 32764
1 18244
2 24252
1 29735
1 22031
1 21725
1 1407
2 18163
2 26478
1 12103
2 10225
1 31469
2 2626
1 15052
1 26931
1 10474
1 7115
1 24973
2 29860
1 31974
1 29567
2 16109
1 7315
1 7340
2 29865
1 10573
1 16658
1 5915
1 30051
1 26672
1 33954
1 33960
1 27512
2 30088
1 34328
1 30679
2 32409
1 9361
1 26430
1 15811
1 16674
1 22634
1 31061
2 761
1 23125
2 14243
1 14729
1 20008
2 30127
1 14450
1 7558
2 7916
2 18840
1 23664
2 10812
2 8842
2 20076
1 16212
1 31916
1 25266
1 32039
1 7264
1 19949
1 15280
1 11385
1 31385
1 14358
1 13659
1 34465
1 17762
1 30352
1 33645
1 25139
2 28758
1 6200
1 26803
2 19789
1 34502
2 9437
1 6034
1 8933
1 34377
1 7380
1 25221
1 23991
1 1888
1 12107
1 15507
2 26498
1 25579
1 3311
2 22075
1 11959
1 19045
2 3311
2 1407
1 22345
2 16527
1 34498
2 34463
2 21328
1 5514
1 16915
1 2290
1 29721
1 19219
1 4056
1 25455
2 2797
1 11009
1 20606
1 23229
1 3632
1 8532
2 12063
2 32032
2 14306
1 33878
1 2814
2 27963
2 28791
1 15668
1 18944
1 9916
1 30267
2 5631
1 12088
1 21492
1 16412
1 22077
2 8614
2 25893
2 3956
2 1351
2 19242
1 24722
1 6933
2 8426
1 22638
1 6409
1 30607
2 92
2 3229
1 24554
1 6552
1 8134
2 9693
2 31167
1 15265
2 28754
2 32364
1 8288
2 26235
2 10892
2 3604
1 5020
1 32759
1 3247
2 14494
1 31133
1 31533
2 4958
1 23312
1 12133
1 16684
1 31972
1 3761
2 4307
1 15208
1 32059
1 10818
1 33741
1 9996
1 5932
1 29051
1 25440
1 31089
1 22516
2 12826
1 9628
1 5286
1 16160
2 18995
1 1700
1 19440
1 1105
2 13184
1 294
2 33954
1 32146
2 22548
1 29544
1 23769
1 3105
2 22573
1 31434
1 7045
1 620
1 28761
2 1558
1 31072
1 26063
1 32158
1 24066
2 32526
2 25492
1 15975
2 26682
1 8691
1 880
1 33918
2 20917
1 28506
1 5951
1 27291
2 23693
1 6727
1 17455
1 665
1 34453
1 19285
2 15989
2 20739
2 23700
2 6409
2 32532
1 17698
1 21311
1 23976
1 19639
1 20271
1 19130
1 14636
2 505
1 2735
1 8663
2 3779
1 21007
2 12438
2 389
1 18269
1 3686
2 5951
2 5915
2 32796
2 17445
2 17106
1 31995
1 5263
1 28417
1 9198
1 33039
1 9561
1 17898
1 29560
1 11294
1 9406
1 20055
1 32495
2 14516
1 17374
1 20327
1 15229
2 2367
1 7950
1 29970
2 8546
1 1377
1 21745
1 2208
1 29259
1 17885
1 24054
1 31025
2 8529
2 25004
2 5687
1 13358
2 14684
1 31754
2 8531
1 19939
1 11545
1 13468
1 7339
2 28557
2 15052
2 4542
1 29566
1 21422
1 34534
2 25376
1 19044
2 8757
1 34171
1 25944
1 3914
1 26696
1 29451
1 3959
2 15582
1 19867
1 22978
2 9716
1 6640
1 30375
2 31210
1 20081
1 25628
2 24822
1 21046
1 18834
1 24097
2 11242
1 13469
2 3032
1 8054
1 2933
1 23165
2 16658
1 14795
2 5437
1 34123
1 4526
1 11646
2 19205
1 15733
1 10489
1 11812
1 16612
1 32472
1 28101
2 17108
1 1344
2 7189
2 32717
1 28568
1 7445
2 5125
1 23921
1 24597
1 16651
2 5289
1 6105
1 88
1 32939
2 29051
2 7921
1 22533
1 2250
2 21434
2 30038
1 3037
1 30233
2 24682
2 17050
1 26980
1 28056
1 13216
1 15990
2 7986
1 34078
1 9564
2 28431
1 2568
2 32243
2 30367
1 7097
1 4901
1 17074
1 32890
1 28582
2 27030
1 21775
1 33438
1 22814
2 34465
1 24847
1 24507
1 27617
1 367
2 11377
1 1646
2 25586
1 15866
1 16299
1 18014
1 6316
1 14947
1 14649
1 30790
2 12774
1 18590
2 11026
1 24292
2 18763
2 31525
2 14574
1 2379
1 27323
1 30945
1 32200
1 2827
2 2853
1 24857
2 26314
1 6291
2 22889
1 8316
1 3705
2 19183
1 2565
2 13908
2 29589
1 10420
2 4268
1 25693
2 19554
1 6533
1 14056
1 7337
2 11600
1 23446
1 26638
2 10473
1 10624
1 1378
1 8589
1 11962
1 20153
2 32751
1 5801
2 8091
2 6253
1 12513
2 9676
2 28610
2 34534
2 31312
1 15774
2 18223
1 155
1 26439
1 25707
1 246
1 22020
1 15418
1 8618
1 21323
1 21188
1 33824
2 22243
1 19589
1 18494
1 28130
1 483
1 4215
2 21947
1 11232
1 10230
2 24463
1 20875
1 28780
1 711
1 7118
2 1764
1 14924
1 347
1 16354
1 29322
2 30679
1 34155
1 8452
1 10585
1 21095
2 17885
1 25806
1 4366
1 11504
2 2749
1 7946
1 18646
2 16256
2 3915
2 31479
1 34863
2 5196
2 26419
1 30730
1 34675
1 28637
1 27142
1 3570
1 14413
1 29640
1 2090
2 5206
2 29009
2 5869
1 26023
1 8463
1 5885
1 21615
1 2350
2 25579
1 9036
1 15472
2 483
2 29809
1 16152
1 15104
1 29530
2 1306
2 2861
1 32925
1 14266
1 17910
1 462
1 8285
2 21335
1 1239
2 7966
2 765
1 8700
1 23071
2 10136
1 27810
1 24208
1 31329
2 4493
1 22724
1 8627
1 675
2 17270
1 34615
2 20110
1 6510
1 33601
1 12392
2 20969
1 22199
1 28272
2 2550
1 7748
2 21046
2 17455
1 8957
2 33109
1 18435
1 1084
1 8454
1 29882
2 15503
2 8923
1 3083
1 18969
2 15454
1 10889
1 31556
2 3247
1 15013
1 29093
1 15955
1 24179
1 5184
2 17880
1 31188
1 19887
1 13626
1 28541
1 5078
1 30191
2 2403
2 21276
2 1178
2 25679
1 14693
2 61
1 32203
2 16968
1 2211
2 725
1 4516
1 18000
1 12382
1 13731
1 5312
1 7327
1 10461
1 21133
1 23879
1 4888
2 4243
1 32943
2 8332
1 9773
2 278
1 15290
2 3490
1 13038
1 11198
1 20025
1 20448
2 32495
1 33190
1 18946
1 22553
1 17291
1 17095
1 20676
1 31054
2 32850
1 33821
2 5799
1 17025
1 31695
2 31625
1 14335
2 1282
1 5070
1 33777
1 6012
1 6879
1 15332
1 8824
2 24315
1 8033
1 17186
2 8367
1 21664
2 20259
2 23871
2 22495
1 17851
2 17851
1 13014
1 11073
1 21180
1 24130
1 33382
2 19887
1 19950
1 15798
2 32991
1 30368
1 13809
1 17357
1 10087
1 19570
1 7741
2 17285
1 14109
2 12993
2 18609
1 11345
2 4539
2 25307
1 18582
1 27478
1 16263
2 7173
1 9785
2 3502
1 16047
2 10889
2 8933
1 29387
1 4660
1 23323
2 26732
1 33549
1 30475
2 16695
1 26546
2 6727
1 29752
1 23667
1 20288
1 26058
1 7002
1 17499
1 28311
2 31639
1 6429
2 18196
1 28947
2 25335
2 7545
2 24011
2 19424
1 5270
1 26016
1 5358
1 11981
1 18337
2 8848
1 6691
1 22532
2 7911
1 32729
2 29734
2 17073
2 32919
1 25534
2 9557
1 24119
1 33352
2 2568
1 29140
2 24212
1 14521
2 29525
1 328
1 28495
1 18800
1 23480
2 29706
1 8762
2 385
1 19282
2 31908
1 18241
1 25445
2 8589
1 3248
2 25858
1 19747
2 16833
1 9734
1 32583
2 11456
1 22016
1 16013
1 17315
1 27025
1 19140
1 34576
1 7645
1 4858
1 31473
2 31498
2 2179
1 3301
1 25951
1 15673
2 6735
1 21592
1 11266
2 25866
2 28647
1 10815
1 29786
2 30434
2 14608
2 6034
1 6141
1 26216
1 7656
2 22226
1 9502
1 8682
1 22614
1 32260
2 27003
1 2732
1 2143
1 27599
1 28252
2 25730
1 2772
1 3479
1 12849
2 15398
1 26835
1 29318
2 32598
1 18096
1 7771
2 22269
2 32120
2 16846
1 29845
1 22598
1 29455
1 28952
2 18879
2 27342
1 30915
2 15777
1 16624
2 10324
1 6681
1 20997
2 7361
2 797
2 32929
2 19357
1 17846
1 3498
2 15976
1 10856
2 4888
2 1606
1 12030
1 27110
1 28681
1 14803
1 27615
1 7802
1 4704
1 17494
2 8253
1 15812
2 30713
1 7693
2 9628
1 17826
1 10603
2 13739
2 33549
1 28838
1 5103
1 9910
1 33169
2 12212
1 30901
2 24208
2 14624
2 5885
1 16880
1 3950
2 31079
1 11075
2 27668
1 8591
2 7085
1 6159
1 7776
1 29467